Conway polynomials for p^k <= 2^16
2,1,1,1,END
2,2,1,1,1,END
2,3,1,1,0,1,END
2,4,1,1,0,0,1,END
2,5,1,0,1,0,0,1,END
2,6,1,1,0,1,1,0,1,END
2,7,1,1,0,0,0,0,0,1,END
2,8,1,0,1,1,1,0,0,0,1,END
2,9,1,0,0,0,1,0,0,0,0,1,END
2,10,1,1,1,1,0,1,1,0,0,0,1,END
2,11,1,0,1,0,0,0,0,0,0,0,0,1,END
2,12,1,1,0,1,0,1,1,1,0,0,0,0,1,END
2,13,1,1,0,1,1,0,0,0,0,0,0,0,0,1,END
2,14,1,0,0,1,0,1,0,1,0,0,0,0,0,0,1,END
2,15,1,0,1,0,1,1,0,0,0,0,0,0,0,0,0,1,END
2,16,1,0,1,1,0,1,0,0,0,0,0,0,0,0,0,0,1,END
3,1,1,1,END
3,2,-1,-1,1,END
3,3,1,-1,0,1,END
3,4,-1,0,0,-1,1,END
3,5,1,-1,0,0,0,1,END
3,6,-1,-1,1,0,-1,0,1,END
3,7,1,0,-1,0,0,0,0,1,END
3,8,-1,-1,-1,0,1,-1,0,0,1,END
3,9,1,1,-1,-1,0,0,0,0,0,1,END
3,10,-1,1,0,0,-1,-1,-1,0,0,0,1,END
5,1,-2,1,END
5,2,2,-1,1,END
5,3,-2,-2,0,1,END
5,4,2,-1,-1,0,1,END
5,5,-2,-1,0,0,0,1,END
5,6,2,0,1,-1,1,0,1,END
7,1,-3,1,END
7,2,3,-1,1,END
7,3,-3,0,-1,1,END
7,4,3,-3,-2,0,1,END
7,5,-3,1,0,0,0,1,END
11,1,-2,1,END
11,2,2,-4,1,END
11,3,-2,2,0,1,END
11,4,2,-1,-3,0,1,END
13,1,-2,1,END
13,2,2,-1,1,END
13,3,-2,2,0,1,END
13,4,2,-1,3,0,1,END
17,1,-3,1,END
17,2,3,-1,1,END
17,3,-3,1,0,1,END
19,1,-2,1,END
19,2,2,-1,1,END
19,3,-2,4,0,1,END
23,1,-5,1,END
23,2,5,-2,1,END
23,3,-5,2,0,1,END
29,1,-2,1,END
29,2,2,-5,1,END
29,3,-2,2,0,1,END
31,1,-3,1,END
31,2,3,-2,1,END
31,3,-3,1,0,1,END
37,1,-2,1,END
37,2,2,-4,1,END
37,3,-2,6,0,1,END
41,1,-6,1,END
41,2,6,-3,1,END
43,1,-3,1,END
43,2,3,-1,1,END
47,1,-5,1,END
47,2,5,-2,1,END
53,1,-2,1,END
53,2,2,-4,1,END
59,1,-2,1,END
59,2,2,-1,1,END
61,1,-2,1,END
61,2,2,-1,1,END
67,1,-2,1,END
67,2,2,-4,1,END
71,1,-7,1,END
71,2,7,-2,1,END
73,1,-5,1,END
73,2,5,-3,1,END
79,1,-3,1,END
79,2,3,-1,1,END
83,1,-2,1,END
83,2,2,-1,1,END
89,1,-3,1,END
89,2,3,-7,1,END
97,1,-5,1,END
97,2,5,-1,1,END
101,1,-2,1,END
101,2,2,-4,1,END
103,1,-5,1,END
103,2,5,-1,1,END
107,1,-2,1,END
107,2,2,-4,1,END
109,1,-6,1,END
109,2,6,-1,1,END
113,1,-3,1,END
113,2,3,-12,1,END
127,1,-3,1,END
127,2,3,-1,1,END
131,1,-2,1,END
131,2,2,-4,1,END
137,1,-3,1,END
137,2,3,-6,1,END
139,1,-2,1,END
139,2,2,-1,1,END
149,1,-2,1,END
149,2,2,-4,1,END
151,1,-6,1,END
151,2,6,-2,1,END
157,1,-5,1,END
157,2,5,-5,1,END
163,1,-2,1,END
163,2,2,-4,1,END
167,1,-5,1,END
167,2,5,-1,1,END
173,1,-2,1,END
173,2,2,-4,1,END
179,1,-2,1,END
179,2,2,-7,1,END
181,1,-2,1,END
181,2,2,-4,1,END
191,1,-19,1,END
191,2,19,-1,1,END
193,1,-5,1,END
193,2,5,-1,1,END
197,1,-2,1,END
197,2,2,-5,1,END
199,1,-3,1,END
199,2,3,-6,1,END
211,1,-2,1,END
211,2,2,-4,1,END
223,1,-3,1,END
223,2,3,-2,1,END
227,1,-2,1,END
227,2,2,-7,1,END
229,1,-6,1,END
229,2,6,-1,1,END
233,1,-3,1,END
233,2,3,-1,1,END
239,1,-7,1,END
239,2,7,-2,1,END
241,1,-7,1,END
241,2,7,-3,1,END
251,1,-6,1,END
251,2,6,-9,1,END
END
